eval_loss = 1.8665361271964178
f1_score = 0.24737678855325912
precision = 0.22695449241540255
recall = 0.2718378756114605
